Factor base
5
9401401242022932575419604204700
623872110646578368801362410
-8591401659640532521423
-222405543007291322
1249913278668
2691780
1600
2 0
3 0 1
5 0 2
7 2 6 3
11 10 8 7
13 9 7
17 14
19 17 11 15
23 4 13 15
29 5
31 0 17 29
37 35 20 15
41 15
43 39 37 30
47 35
59 15 51
83 19
97 17
101 43
109 87 15
127 45
131 6
137 22 58 42
149 41
151 43
157 45
163 85
167 125 131 123
173 152 79 45
181 68
191 102 36 33
193 190 80
197 0 170
199 127
211 121 24
227 84 129 16
229 75 170 157
233 31 16
239 22 34
241 119 96
251 19
257 89
269 106
271 19 108
277 3 233
283 66 229
293 181
311 243
313 54 282 124
337 87
347 137 104
349 147
353 322
367 40
379 370
383 170
389 187 215
397 338
419 286
431 203
433 224
443 79 71 385
457 394
463 78 169
467 349
487 119 161 4
491 320 281
503 316 148
523 515
541 7
547 2
557 434 125
563 226
571 273 371 16
587 196 368
599 252 331 527
613 155 79
617 71
619 206
631 590
643 216 156
647 343 215 187
653 53 550 172
661 58 309 266
691 543
701 76 346
709 190
733 494
739 290 630
743 557
751 577
757 306 559
761 373 280
769 148
787 362
797 730
809 383
811 76 154 431
821 563 642 619
829 126
839 537 426 238
853 333
857 657
863 293 694 802
877 510
881 180
887 167 574
911 340 434 703
919 441 539
941 217 876
953 533 329
971 808 839 345
977 787 508
983 833
991 595 744
1009 406
1013 612 746
1019 717 700
1033 82 821
1039 822
1049 396
1051 0
1061 765
1091 637 679
1097 643
1103 699 515 680
1123 705
1129 677 1111
1163 618
1181 1070
1187 903
1193 984
1201 172 579
1213 713
1223 371 387
1229 393
1231 578
1259 1010
1289 38 608 1061
1291 429 455 1236 779 1222
1297 1201
1301 934 654
1303 130
1307 583 19 882
1319 338
1321 579
1327 825
1361 1229
1381 687
1399 466
1423 841
1427 1217 419
1429 1337
1433 601
1439 2 901
1451 978
1453 540 639
1459 1034 582 875
1471 671
1481 1129
1483 340
1487 1446
1489 320
1499 212
1531 323
1543 512
1549 477
1559 1456 950
1567 667
1571 793
1579 1419
!
61
67
71
89
139
331
359
401
421
439
479
499
509
521
569
577
593
601
607
641
659
673
677
683
719
727
773
823
929
1063
1069
1093
1109
1151
1153
1217
1237
1279
1373
1409
1447
1493
1511
1553
1583
